Run on Darwin 25.6.0
CPU: Apple M3 Pro
Cores: 11
Memory: 36.00 GB

| name                                     | met (ms)             | iters | DataMovement (GB/s) | min (ms) | mean (ms)            | max (ms) | duration (ms) |
| ---------------------------------------- | -------------------- | ----- | ------------------- | -------- | -------------------- | -------- | ------------- |
| ParseTwitter                             | 1.00053              | 100   | 0.6311914685216835  | 1.00053  | 1.00053              | 1.00053  | 100.053       |
| ParseTwitterNoStrictMode                 | 0.99316              | 100   | 0.6358753876515365  | 0.99316  | 0.99316              | 0.99316  | 99.316        |
| ParseCitmCatalog                         | 2.0025899999999996   | 100   | 0.8624850818190445  | 2.00259  | 2.0025899999999996   | 2.00259  | 200.259       |
| ParseCitmCatalogWithReflection           | 0.57621              | 100   | 2.997525207823537   | 0.57621  | 0.57621              | 0.57621  | 57.621        |
| ParseCitmCatalogWithReflectionLazy       | 0.69609              | 100   | 2.4812940855349166  | 0.69609  | 0.69609              | 0.69609  | 69.609        |
| ParseCitmCatalogMinify                   | 1.74233              | 100   | 0.2871436524653768  | 1.74233  | 1.74233              | 1.74233  | 174.233       |
| ParseCitmCatalogWithReflectionLazyMinify | 0.30487              | 100   | 1.6410240430347363  | 0.30487  | 0.30487              | 0.30487  | 30.487        |
| ParseCanada                              | 6.94179              | 100   | 0.3242752949887565  | 6.94179  | 6.94179              | 6.94179  | 694.179       |
| ParseCanadaWithReflection                | 1.60035              | 100   | 1.4065991814290622  | 1.60035  | 1.60035              | 1.60035  | 160.035       |
| ParseTwitterDoc                          | 0.48029000000000005  | 100   | 1.3148847571259032  | 0.48029  | 0.48029000000000005  | 0.48029  | 48.029        |
| ParseCitmCatalogDoc                      | 0.7412399999999999   | 100   | 2.3301548756138364  | 0.74124  | 0.7412399999999999   | 0.74124  | 74.124        |
| ParseCitmCatalogMinifyDoc                | 0.61097              | 100   | 0.8188601731672588  | 0.61097  | 0.61097              | 0.61097  | 61.097        |
| ParseCanadaDoc                           | 2.2928               | 100   | 0.9817912595952546  | 2.2928   | 2.2928               | 2.2928   | 229.28        |
| Stage1Twitter                            | 0.08737              | 100   | 7.228179008813095   | 0.08737  | 0.08737              | 0.08737  | 8.737         |
| Stage1CitmCatalog                        | 0.22277000000000002  | 100   | 7.7533061004623605  | 0.22277  | 0.22277000000000002  | 0.22277  | 22.277        |
| Stage1CitmCatalogMinify                  | 0.10282999999999999  | 100   | 4.8653019546824865  | 0.10283  | 0.10282999999999999  | 0.10283  | 10.283        |
| Stage1Canada                             | 0.3326               | 100   | 6.768042693926639   | 0.3326   | 0.3326               | 0.3326   | 33.26         |
| ParsePointerTwitter                      | 0.16953              | 100   | 3.7251577891818566  | 0.16953  | 0.16953              | 0.16953  | 16.953        |
| ParsePointerCitmCatalog                  | 0.38529              | 100   | 4.482867450491838   | 0.38529  | 0.38529              | 0.38529  | 38.529        |
| ParsePointerCanada                       | 0.35924              | 100   | 6.266147979066919   | 0.35924  | 0.35924              | 0.35924  | 35.924        |
| Utf8ValidateTwitter                      | 0.0182               | 100   | 34.69923076923078   | 0.0182   | 0.0182               | 0.0182   | 1.82          |
| Utf8ValidateCanada                       | 0.0233               | 100   | 96.61163090128755   | 0.0233   | 0.0233               | 0.0233   | 2.33          |
| ParseLargeJsonl                          | 28.40473             | 100   | 0.4147087474515688  | 28.40473 | 28.40473             | 28.40473 | 2840.473      |
| ParseExtraLarge                          | 1.2801               | 100   | 0.24298257948597765 | 1.2801   | 1.2801               | 1.2801   | 128.01        |
| ParseExtraLargeDoc                       | 0.43835              | 100   | 0.7095745408919814  | 0.43835  | 0.43835              | 0.43835  | 43.835        |
| ParseHeavyUnicode                        | 0.010009999999999998 | 100   | 0.4657342657342658  | 0.01001  | 0.010009999999999998 | 0.01001  | 1.001         |
| ParseHeavyIgnoreUnicode                  | 0.00809              | 100   | 0.5762669962917182  | 0.00809  | 0.00809              | 0.00809  | 0.809         |
| ParseStatusBatch                         | 0.93667              | 100   | 0.49801530955405854 | 0.93667  | 0.93667              | 0.93667  | 93.667        |
| ParseStatusBatchDoc                      | 0.56941              | 100   | 0.8192269190916914  | 0.56941  | 0.56941              | 0.56941  | 56.941        |
| ParseUserBatch                           | 1.32213              | 100   | 0.23450114587824195 | 1.32213  | 1.32213              | 1.32213  | 132.213       |
| ParseUserBatchDoc                        | 1.1461700000000001   | 100   | 0.2705017580289137  | 1.14617  | 1.1461700000000001   | 1.14617  | 114.617       |
| ParseUserBatchWithReflection             | 0.57907              | 100   | 0.5354119536498178  | 0.57907  | 0.57907              | 0.57907  | 57.907        |
| StringifyCanada                          | 2.48923              | 100   | 0.839711075312446   | 2.48923  | 2.48923              | 2.48923  | 248.923       |
| StringifyCanadaWithReflection            | 2.11835              | 100   | 0.9867708357920081  | 2.11835  | 2.11835              | 2.11835  | 211.835       |
| StringifyTwitter                         | 0.27337              | 100   | 1.7080074624135788  | 0.27337  | 0.27337              | 0.27337  | 27.337        |
| StringifyCitmCatalogWithReflection       | 0.16524999999999998  | 100   | 3.027527987897126   | 0.16525  | 0.16524999999999998  | 0.16525  | 16.525        |
| StringifyCitmCatalog                     | 0.45244              | 100   | 1.105779771903457   | 0.45244  | 0.45244              | 0.45244  | 45.244        |
| MinifyCitmCatalog                        | 1.47638              | 100   | 1.1698912204175078  | 1.47638  | 1.47638              | 1.47638  | 147.638       |
| WritePrettyCitmCatalog                   | 0.73111              | 100   | 0.6843005840434409  | 0.73111  | 0.73111              | 0.73111  | 73.111        |
| WritePrettyTwitter                       | 0.33653              | 100   | 1.387448370130449   | 0.33653  | 0.33653              | 0.33653  | 33.653        |
| WritePrettyCanada                        | 3.4213600000000004   | 100   | 0.6109365866205253  | 3.42136  | 3.4213600000000004   | 3.42136  | 342.136       |

